# Energy  = 4.92758E+03 
# ESigma  = 2.80000E+00 
# ETrans  = 3.78310E+02 
# Density = 1.00000E+00 
# IDR     = -1 

7    16     0 -1  6.49729E+03  5.59241E-04  1.177E+00  4.511E-01
7    16     1 -1  6.47947E+03  4.05646E-05  1.177E+00  4.511E-01
7    17     0 -1  6.50710E+03  7.44345E-02  8.230E-01 -6.451E-01
7    17     1 -1  6.48929E+03  2.11547E-03  8.230E-01 -6.451E-01
7    17     2 -1  6.48454E+03  3.67490E-03  1.044E+00  1.271E-01
7    17     3 -1  6.47442E+03  8.22948E-05  1.221E+00  5.434E-01
7    18     3 -1  6.47664E+03  3.25040E-03  1.000E+00  0.000E+00
7    18     4 -1  6.46889E+03  4.90487E-04  1.000E+00  0.000E+00
7    18    13 -1  6.26433E+03  2.38729E-05  1.000E+00  0.000E+00
7    18    14 -1  6.25109E+03  5.84543E-06  1.000E+00  0.000E+00
